#number of nodes
20
#nodes setting (n1,n2,bandwidth in kbits a -> b, bandwidth in kbits a <- b, delay a -> b in ms, delay b -> a in ms)
0,1,4832,4453,1,4
0,4,4955,4310,3,4
2,4,4620,4120,1,3
0,5,4634,4671,2,4
1,5,4776,4484,4,2
0,6,4533,4520,4,4
4,6,4341,4780,2,4
4,7,4891,4681,1,2
1,8,4171,4504,1,1
6,8,4099,4864,3,4
0,9,4943,4568,4,2
3,9,4608,4167,2,1
4,9,4461,4962,4,3
5,9,4044,4989,3,3
1,10,4407,4775,2,1
5,10,4459,4187,1,1
7,10,4702,4681,1,3
4,11,4028,4944,1,3
7,11,4370,4854,2,1
9,11,4860,4582,2,3
1,12,4895,4743,4,2
7,12,4235,4054,4,1
0,13,4368,4803,1,4
5,13,4561,4170,4,3
4,14,4063,4487,3,2
11,14,4335,4856,1,2
0,15,4123,4487,2,2
1,15,4093,4124,4,3
7,15,4802,4112,4,3
9,15,4576,4827,1,3
13,15,4303,4031,4,1
0,16,4733,4275,4,1
3,17,4481,4979,3,3
5,17,4516,4591,2,2
10,17,4296,4838,2,3
12,17,4937,4929,4,4
14,17,4648,4539,1,1
2,18,4299,4483,2,1
6,18,4583,4354,2,1
10,18,4777,4802,3,1
12,18,4020,4955,3,4
17,18,4407,4796,1,1
3,19,4683,4671,2,3
13,19,4627,4231,1,2
#properties (Client, Server)
4,3
9,19
2,11
6,3
15,5
16,5
13,19
18,3
17,19
8,19
14,3
10,19
#eof //do not delete this