#example network first node start with id 0 and node n ends with id n-1
#				0
#			/		\
#		1	-	4	-	3	
#			\		/
#				2	
#number of nodes
20
#nodes setting (n1,n2,bandwidth in kbits a -> b, bandwidth in kbits a <- b)
0,1,2000,2000
0,4,2000,2000
1,2,2000,2000
1,4,2000,2000
2,3,2000,2000
3,5,2000,2000
4,10,2000,2000
4,12,2000,2000
5,6,2000,2000
5,9,2000,2000
5,12,2000,2000
6,7,2000,2000
6,8,2000,2000
7,9,2000,2000
10,11,2000,2000
10,13,2000,2000
11,12,2000,2000
11,13,2000,2000
11,14,2000,2000
11,15,2000,2000
12,15,2000,2000
12,18,2000,2000
15,16,2000,2000
15,19,2000,2000
16,17,2000,2000
17,18,2000,2000
17,19,2000,2000 
#properties (Client, Server)
17,8
0,14
2,15
7,3
#eof //do not delete this
